0.00202548
0.00066055
0.0026106
0.00439042
0.00330989
0.0016524
0.00235168
0.00382059
0.00222732
0.00210601
0.00420387
0.00291845
0.00308257
0.00424669
0.00350561
0.00258104
0.00505607
0.00649134
0.0049001
0.0025474
0.00365953
0.000984709
0.00124363
0.00110296
-0.000470948
0.00152396
0.00839348
0.00633843
0.0017421
0.00341182
0.00523751
0.000678899
-0.00284506
-0.00149745
-0.0066371
-0.00728135
0.00311927
0.0102712
0.00648522
0.0012263
0.0022314
0.00257288
0.00967176
0.00714475
-0.00485831
-0.00859123
0.00205097
0.00505403
-0.000579001
0.0019052
0.00282161
-0.00425688
-0.000240571
0.00631702
0.00418247
0.00824261
0.0112732
0.01321
0.0122579
0.00304077
-0.00330377
0.00922426
0.0194118
0.00857187
0.0115036
0.0102029
0.00497248
0.00911417
-0.00509174
-0.013739
-0.00295107
0.00566871
0.0219766
0.0258716
0.0199684
0.0103129
0.00778899
0.0129623
0.013369
0.0109144
-0.000666667
-0.0122059
-0.0122905
0.00108359
0.0186972
0.0367747
0.0419827
0.0327819
0.0215015
0.028159
0.0207401
-0.0139959
-0.0204934
-0.0103201
0.0156442
0.0267401
0.0283945
0.0457492
0.032105
-0.0145596
-0.0382712
-0.0381957
-0.0416626
0.00885729
0.0432202
0.04142
0.0348053
0.0347615
-0.000702345
-0.0164332
-0.0121397
0.0113333
0.0157085
0.0304485
0.036264
0.0129582
-0.0225199
-0.0399949
-0.0472946
-0.0303619
-0.00489297
0.000429154
-0.0351672
-0.036949
-0.0168716
0.0148012
0.00944648
-0.0127136
-0.0149419
-0.0152783
-0.0134047
0.0107829
0.0256483
0.00369317
-0.0564312
-0.072422
-0.0945454
-0.133421
-0.143069
-0.140783
-0.118794
-0.110529
-0.112887
-0.110018
-0.103876
-0.0971682
-0.0876636
-0.0451855
0.0415892
0.0679653
0.0342722
0.00130377
-0.00331702
0.00884302
0.0282518
0.0251794
-0.0582569
-0.179585
-0.195706
-0.189814
-0.188738
-0.192419
-0.185344
-0.14057
-0.0689725
-0.0460285
-0.0500051
-0.0541244
-0.0498328
-0.0141325
0.0678471
0.165405
0.219369
0.120149
-0.0642712
-0.0705729
0.0052212
0.133575
0.154835
0.146804
0.144725
0.159644
0.195618
0.229536
0.231382
0.174698
0.00967176
-0.0182029
0.0782008
0.151383
0.140219
0.0749215
-0.016475
-0.11143
-0.134019
-0.0391998
0.146562
0.275982
0.274612
0.237628
0.170029
0.104703
0.012629
0.00702854
0.106201
0.216664
0.266871
0.242557
0.167938
0.0496769
-0.0411906
-0.0776167
-0.080631
-0.0435097
-0.00362181
-0.0163731
-0.058579
-0.0984903
-0.100615
-0.0945902
-0.101751
-0.166243
-0.207267
-0.192431
-0.177426
-0.172027
-0.179948
-0.187954
-0.182451
-0.114227
-0.000813456
0.0180204
0.0141764
0.0242192
0.0287258
0.00620489
-0.0586065
-0.10698
-0.0788369
0.019053
0.126744
0.17781
0.152909
0.118751
0.10915
0.116826
0.0905291
-0.0276707
-0.126302
-0.124041
-0.0997156
-0.0800805
-0.0803068
-0.0646769
-0.0851346
-0.124028
-0.148622
-0.167301
-0.169441
-0.153005
-0.105863
-0.0540367
-0.0317482
-0.0405698
-0.0312803
-0.00191641
0.00695005
0.0240214
0.0533588
0.119419
0.201849
0.23835
0.192534
0.0806279
0.0115831
-0.010318
-0.0248338
-0.0328522
0.0433068
0.0706881
0.0331549
-0.000384302
-0.0122253
0.0235178
0.0211101
-0.0302069
-0.0646932
-0.020792
0.0673293
0.085842
0.064526
0.10495
0.153965
0.159417
0.130761
0.117024
0.121335
0.088631
0.0142966
-0.0508012
-0.0766891
-0.0578022
-0.0403058
-0.00948012
-0.0143333
-0.0103435
0.0390112
0.00625178
-0.0934343
-0.168288
-0.200039
-0.212413
-0.221898
-0.190878
-0.0996677
-0.067366
-0.0667095
-0.00350765
0.0213201
0.0144924
0.0312803
0.0684924
0.114694
0.133271
0.0740387
0.0370612
0.102927
0.170084
0.223165
0.237936
0.209542
0.20854
0.192579
0.108004
0.00107747
-0.0574801
-0.0409083
-0.00278593
0.0605515
0.127005
0.14005
0.0930347
-0.0221152
-0.120109
-0.176054
-0.199603
-0.198735
-0.178881
-0.119421
-0.0596065
-0.0943619
-0.159141
-0.181061
-0.123261
-0.0220805
0.0298277
0.0159378
0.0249541
0.0713792
0.160152
0.216491
0.175093
-0.0297564
-0.178843
-0.131933
-0.105966
-0.166582
-0.205544
-0.207076
-0.200965
-0.215232
-0.22435
-0.175859
-0.11191
-0.0809511
-0.0646881
-0.0326718
-0.0342487
-0.0562956
-0.0671172
-0.047787
-0.000384302
0.0247288
0.0575841
0.128368
0.213991
0.278563
0.27299
0.177645
0.0573364
-0.0437197
-0.0855423
-0.0549602
0.0226504
0.0860133
0.088578
0.0583609
0.0668389
0.115
0.124254
0.0580968
-0.0418654
-0.0816728
-0.0501448
-0.0092946
0.00939551
0.0425861
0.0912181
0.0857462
0.0248267
0.0287411
0.0552161
0.0767227
0.0752752
0.0772813
0.104297
0.132728
0.176214
0.252451
0.324422
0.354894
0.336972
0.299653
0.294611
0.309533
0.258024
0.125593
-0.0787023
-0.211581
-0.241085
-0.277125
-0.328163
-0.374321
-0.388359
-0.363485
-0.329076
-0.277477
-0.20837
-0.143455
-0.0790928
-0.0360449
-0.0204373
-0.0303058
-0.0276198
-0.020629
-0.00641692
0.0131142
0.0413303
0.0400693
0.0101906
0.00189399
0.0205199
0.0549796
0.103255
0.158954
0.17459
0.106863
0.0160897
0.0113619
0.036791
0.0588675
-0.0198909
-0.108821
-0.119824
-0.110503
-0.145928
-0.188864
-0.187245
-0.15973
-0.112182
-0.0863731
-0.117608
-0.148225
-0.116759
-0.0381019
0.0463293
0.12824
0.196573
0.227877
0.237345
0.238967
0.217381
0.172349
0.130336
0.0965923
0.0603507
0.069369
0.0971142
0.0517961
-0.0324781
-0.105852
-0.154774
-0.177707
-0.179399
-0.191431
-0.213984
-0.229775
-0.19731
-0.104459
-0.0449551
-0.0120133
0.00682977
0.0650897
0.151587
0.186474
0.150612
0.117145
0.125295
0.124269
0.0540326
-0.0580795
-0.155661
-0.205863
-0.195744
-0.149257
-0.107134
-0.0957788
-0.0618033
0.0205311
0.112636
0.164942
0.170327
0.15992
0.157397
0.153347
0.129577
0.109065
0.103826
0.0835076
0.0350703
-0.0410122
-0.0687421
-0.0517513
0.00963812
0.0527604
0.0234577
-0.0373833
-0.0503507
-0.00831295
0.0420826
0.0350968
0.00395617
-0.00487258
-0.000282365
-0.0130795
-0.0472497
-0.0995515
-0.150312
-0.164006
-0.142635
-0.108857
-0.0783486
-0.0543884
-0.0340357
-0.017262
-0.0153955
-0.00435474
0.00197961
-0.0261621
-0.0814322
-0.120064
-0.121371
-0.104617
-0.0965973
-0.0860316
-0.0587717
-0.0340979
-0.0192905
-0.0319378
-0.0583068
-0.0533211
-0.0057421
0.0666228
0.142525
0.196774
0.229416
0.245514
0.244523
0.182002
0.047682
-0.0660347
-0.135655
-0.164049
-0.174383
-0.172459
-0.135566
-0.0448318
0.0558471
0.131746
0.15512
0.144103
0.108425
0.0754801
0.0404903
0.0135657
0.0057421
0.00837309
0.0244434
0.0449602
0.0575199
0.0678349
0.0874811
0.114717
0.120374
0.0927931
0.0524811
0.0224567
0.0138919
0.022475
0.0223109
0.000579001
-0.0287574
-0.0360031
-0.0220561
-0.00399592
0.0161437
0.0295056
0.0254995
0.00821713
-0.00140163
-0.0065107
-0.0110856
-0.0114771
-0.0120234
-0.0195464
-0.0348542
-0.0405066
-0.041525
-0.0499633
-0.0635474
-0.0784404
-0.0949725
-0.107602
-0.126402
-0.142599
-0.143693
-0.13464
-0.102535
-0.0506575
-0.0134465
0.0343099
0.0931998
0.147143
0.176571
0.172704
0.143813
0.111149
0.0872304
0.058686
0.0290765
0.00623445
0.000311927
-0.000877676
-0.016634
-0.0268451
-0.0135545
0.0117574
0.0204292
-0.00510805
-0.0406942
-0.0500907
-0.0344465
0.0111009
0.0610642
0.0829307
0.0789144
0.0509501
0.00312232
-0.0458909
-0.0659582
-0.0575178
-0.0438797
-0.0334506
-0.0122773
0.0433303
0.0942232
0.120274
0.120908
0.0982487
0.0709348
0.0381794
-0.00123547
-0.0182059
-0.0266809
-0.0476167
-0.0677768
-0.081002
-0.0829021
-0.0733354
-0.0639501
-0.0738716
-0.0877085
-0.0815097
-0.0644913
-0.0515963
-0.0442538
-0.0424057
-0.0426116
-0.0400051
-0.0326809
-0.0257696
-0.01637
-0.00374516
0.0108043
0.0180785
0.0221488
0.0311305
0.043476
0.0585331
0.0730571
0.0754811
0.0545708
0.0139419
-0.0127197
-0.0262487
-0.0436391
-0.0611967
-0.0589195
-0.0471753
-0.034789
-0.0209694
-0.00970744
-0.0081264
-0.0194475
-0.0376544
-0.0551152
-0.0724811
-0.094053
-0.104209
-0.0794302
-0.0281906
-0.00688685
-0.00924975
0.000369011
0.0218389
0.0442426
0.053685
0.0558175
0.0469266
0.0205657
0.0088685
0.0164393
0.0245178
0.0230765
0.0155494
-0.00215189
-0.0235912
-0.0368848
-0.029524
-0.00582059
0.0114353
0.0158267
0.0220846
0.0273191
0.030897
0.0416789
0.0523925
0.056629
0.0474098
0.042737
0.0445525
0.0450245
0.0349704
0.00914883
-0.0211611
-0.0332069
-0.0283272
-0.0113751
0.00843221
0.00893068
-0.00254128
-0.00458308
0.0208512
0.0548624
0.0629613
0.0545219
0.0484862
0.054423
0.0596646
0.0551498
0.0344659
-0.00279307
-0.0329704
-0.0386167
-0.0324067
-0.0241886
-0.0185433
-0.00455148
0.0125596
0.0200031
0.0188053
0.0129633
0.00785831
0.00935474
0.00518247
-0.0101621
-0.0123649
-0.00709684
-0.0163109
-0.0436544
-0.0722671
-0.0801855
-0.0719766
-0.0516483
-0.0250204
-0.0100255
-0.027577
-0.0506055
-0.0630153
-0.0646881
-0.0525576
-0.0336697
-0.0199297
-0.0239195
-0.0355392
-0.0382824
-0.0255423
0.00404179
0.0358002
0.0585219
0.0687227
0.0652243
0.0565484
0.0508022
0.0462712
0.042265
0.0294669
0.0111774
0.000927625
-0.0039317
-0.0106147
-0.0180194
-0.0230071
-0.0224271
-0.0228991
-0.0302569
-0.0326391
-0.0217808
-0.003737
0.00129664
0.0018685
0.00669623
0.00919266
-0.00141386
-0.0149592
-0.0135719
-0.00543119
0.00159939
0.0019368
-0.0121682
-0.0202334
-0.00859021
0.00751478
0.00626809
-0.01384
-0.0323761
-0.029212
-0.0177472
-0.0141193
-0.0182722
-0.0137554
0.00525076
0.0364659
0.0569286
0.0571182
0.0503863
0.0534455
0.0652701
0.0714659
0.0714506
0.0657778
0.05716
0.0444047
0.0244393
0.0140143
0.0157085
0.0137421
0.00759123
0.00795515
0.0174893
0.0307829
0.0386677
0.0332508
0.0143333
-0.00281957
-0.00953721
-0.0199908
-0.0278073
-0.0208879
0.00241488
0.033263
0.0488746
0.0520652
0.0464057
0.0321182
0.0143007
0.00407849
-0.00102854
-4.07747e-05
5.19878e-05
-0.00507543
-0.013474
-0.0184016
-0.0182538
-0.0197064
-0.0254128
-0.0318277
-0.036105
-0.0419633
-0.0469144
-0.0542844
-0.0623904
-0.0598716
-0.033949
-0.00848318
-0.00480632
-0.00972885
-0.00889195
-0.00724669
-0.0172426
-0.0302518
-0.0390683
-0.0439602
-0.044525
-0.0442905
-0.0438807
-0.0404526
-0.0337574
-0.0302701
-0.0311203
-0.0321865
-0.0266116
-0.0116045
0.00510805
0.0112069
0.00632008
-0.00887666
-0.0217187
-0.0277584
-0.0274689
-0.0183445
-0.00396432
0.00298369
-0.00310092
-0.0126065
-0.0169786
-0.0206269
-0.0259837
-0.031632
-0.036314
-0.0358389
-0.0263802
-0.00820082
0.00514169
0.00758818
0.00586442
0.00787258
0.0149786
0.0234108
0.0322487
0.0437472
0.053524
0.0588634
0.0577604
0.0528287
0.041208
0.0221927
0.00898879
0.0100999
0.0177197
0.0230897
0.0256218
0.0281488
0.0362151
0.049475
0.0621753
0.0622467
0.047893
0.0306748
0.014946
6.82977e-05
-0.00847095
-0.0092528
-0.0131723
-0.0194302
-0.0170856
-0.0103384
-0.00812538
-0.00846075
-0.00642813
-0.0034842
-0.00316616
0.00118349
0.0109929
0.0242171
0.0346106
0.0410296
0.0369123
0.027581
0.0132671
0.00609072
0.00478899
0.00902752
0.017528
0.0220204
0.0193649
0.00889195
-0.00580122
-0.0169949
-0.0271794
-0.0327951
-0.0315148
-0.0245189
-0.0228777
-0.0273384
-0.0331264
-0.0385749
-0.0405821
-0.0348481
-0.0269103
-0.017896
-0.00313354
0.00951886
0.0166126
0.0145189
0.00890418
0.0077105
0.00743221
0.00339042
-0.00516208
-0.0160387
-0.0227472
-0.0259185
-0.0280092
-0.026316
-0.0230204
-0.0228899
-0.0202732
-0.0134495
-0.00632518
-0.000604485
0.00475229
0.010735
0.0112334
0.0126412
0.0190367
0.0203211
0.00953211
-0.0069419
-0.0122712
-0.00495209
0.00498471
0.00807238
0.00628542
0.00634149
0.0123853
0.0198573
0.0272712
0.0272803
0.0186544
0.00476351
-0.00203058
0.0022212
0.00791437
0.0147655
0.0176116
0.00941488
-0.0117197
-0.0289174
-0.0389052
-0.041686
-0.0410663
-0.0347064
-0.0275209
-0.0231988
-0.0197717
-0.0169582
-0.00953313
0.00875841
0.0242864
0.026368
0.0204852
0.0136086
0.00313048
-0.00977574
-0.0164852
-0.0178889
-0.0139827
-0.00862895
-0.00359531
0.00240469
0.00182059
-0.00371458
-0.00359429
0.000265036
0.00381753
0.00501937
0.00469113
0.00479409
0.00470031
0.0046371
0.00229766
-0.00258716
-0.00736595
-0.0164006
-0.0225168
-0.0223731
-0.0127961
0.00226096
0.014528
0.0248043
0.0322345
0.0332406
0.0330989
0.0331947
0.0345984
0.0356391
0.0352681
0.035105
0.0317299
0.0241478
0.015893
0.0140224
0.0171733
0.0244373
0.0299062
0.0306249
0.0287207
0.0259378
0.0191019
0.0107564
0.000407747
-0.0109072
-0.0190316
-0.0241091
-0.0246279
-0.0258481
-0.0299745
-0.0336137
-0.0360133
-0.0351131
-0.0344027
-0.034421
-0.0317013
-0.0272538
-0.0219358
-0.0207299
-0.0250459
-0.0229501
-0.0135596
0.000933741
0.0102579
0.015579
0.0180999
0.0200326
0.0206249
0.0169327
0.0197482
0.022263
0.0211835
0.0143007
0.00476962
-0.000176351
-0.00419266
-0.00886544
-0.0117829
-0.010158
-0.0111233
-0.0158644
-0.019948
-0.0212018
-0.0209878
-0.0230754
-0.0259939
-0.0244659
-0.0154587
0.00206728
0.0137686
0.0169613
0.019526
0.0176239
0.0074842
-0.00387768
-0.00933231
-0.0116239
-0.0115494
-0.00887258
-0.00468502
-0.00213863
-0.00379918
-0.0119929
-0.0221947
-0.0292212
-0.0268389
-0.0179939
-0.00684302
0.00177166
0.00282875
0.0023211
0.00228542
-0.00027421
-0.0061998
-0.0116371
-0.014526
-0.00997655
-0.00300714
0.0014159
0.00292151
0.00217329
-0.00264016
-0.00408257
-0.00156983
0.00244648
0.00507645
0.00637513
0.00757492
0.0107941
0.0148165
0.00698573
-0.00396534
-0.0050999
0.00146585
0.00552701
0.0100398
0.0137625
0.0170612
0.0176239
0.0136147
0.00928746
0.0109969
0.0133833
0.0163843
0.0165291
0.0156045
0.015788
0.0214638
0.0261539
0.026317
0.0259246
0.0233741
0.0170846
0.0121142
0.00798471
0.00584098
0.00301937
0.00615291
0.013053
0.0190143
0.0221896
0.0234506
0.0220642
0.0134292
-0.00138634
-0.0106198
-0.0116188
-0.0100561
-0.0122875
-0.0156565
-0.0166412
-0.0160234
-0.016367
-0.0160826
-0.016209
-0.015265
-0.0156024
-0.0140897
-0.0137961
-0.0140326
-0.00903466
0.000194699
0.00688277
0.00966361
0.0149093
0.0194975
0.0174077
0.0121876
0.00988991
0.00782467
-0.00118756
-0.0127992
-0.0190948
-0.0197319
-0.0164077
-0.0130275
-0.00964526
-0.00569011
0.000841998
0.0073945
0.00969623
0.00762181
0.00365647
-0.00462691
-0.0103925
-0.0115127
-0.0133333
-0.0160968
-0.0155015
-0.0131488
-0.00817635
-0.00420489
0.00125892
0.0117992
0.019685
0.022525
0.0217003
0.0179123
0.0148767
0.0109572
0.003579
-0.00318756
-0.0062263
-0.00770336
-0.0125973
-0.0185443
-0.0144852
-0.00179205
-5.70846e-05
-0.0125076
-0.015683
-0.0129929
-0.0131121
-0.0188451
-0.0203496
-0.0198603
-0.019897
-0.0180979
-0.0150214
-0.0151825
-0.0141397
-0.00855046
0.00224567
0.0103374
0.0132813
0.0106371
0.00494088
0.00372171
0.00829664
0.0194883
0.0306595
0.0373517
0.0338593
0.026843
0.0184332
0.010736
0.00660347
0.00287462
-0.000184506
0.00120693
0.00504485
0.00804995
0.00939246
0.00875943
0.00834862
0.00500102
0.00271458
-0.000204893
-0.0062895
-0.0102599
-0.00833843
-0.00151478
0.000641182
-0.00493272
-0.0125882
-0.0186983
-0.0280438
-0.0332732
-0.0354139
-0.0324577
-0.0286524
-0.0249317
-0.0226402
-0.0192212
-0.0145464
-0.00713048
-0.0030581
-0.000767584
-0.00421203
-0.00501121
-0.00125484
0.00337105
0.00631906
0.00943119
0.013527
0.0160234
0.0181794
0.0186473
0.0184485
0.0185505
0.0192681
0.0218349
0.021631
0.0181957
0.0184791
0.0182671
0.0182273
0.0165464
0.0174271
0.0189021
0.0191519
0.0168614
0.0121315
0.00813558
0.00491743
0.0046106
0.00856167
0.00863914
0.00544241
0.000618756
-0.00296126
-0.00744037
-0.0118145
-0.0145454
-0.0111753
-0.00648726
-0.0048053
-0.00272885
-0.00214067
-0.00836595
-0.0106983
-0.0119511
-0.0124995
-0.0107074
-0.00788481
-0.00748318
-0.0139827
-0.0169531
-0.0195872
-0.0172355
-0.00984608
-0.0028685
-0.00123242
-0.00638226
-0.0127503
-0.0194648
-0.0273099
-0.0275708
-0.0212375
-0.015682
-0.0100703
-0.00382875
-0.000186544
0.00154638
0.00586952
0.00862895
0.00776555
0.00609888
0.00962487
0.015265
0.0189959
0.0177166
0.0165413
0.013107
0.0136259
0.0132752
0.0133048
0.011841
0.0130958
0.0136504
0.0135362
0.0154709
0.0157023
0.0130693
0.0136147
0.0130714
0.0127044
0.013473
0.0123874
0.0101988
0.00721916
0.00281651
-0.0014893
-0.00572273
-0.00548114
-0.00641488
-0.00949235
-0.0105331
-0.00738634
-0.00695209
-0.0111733
-0.0124353
-0.0137676
-0.015055
-0.0147462
-0.0109083
-0.00482977
-0.00106218
-0.0020367
-0.00568705
-0.00780836
-0.0107248
-0.0108716
-0.0140255
-0.0129939
-0.0101131
-0.00702752
-0.00501427
-0.00379409
-6.01427e-05
0.00324363
0.00622528
0.00385525
-0.00242406
-0.00763201
-0.00745872
-0.0040051
0.00440775
0.00978593
0.0098736
0.00536391
0.00159021
-0.00349235
-0.00672171
-0.00504689
-0.00155046
-0.00208767
-0.00336493
-0.00174618
0.000122324
0.00280632
0.00396738
0.00066055
-0.000976555
0.000994903
0.0062946
0.00698267
0.00397961
0.0042528
0.00402345
0.00429052
0.00415087
0.00624771
0.0110917
0.0191478
0.0243568
0.027368
0.0295688
0.0298145
0.0252956
0.0193354
0.0145433
0.0106606
0.00508665
0.000286442
-0.00232314
-0.00266667
-0.00182569
-0.000508665
-0.00317125
-0.00824159
-0.014893
-0.0198705
-0.0233466
-0.0237778
-0.0200194
-0.0141753
-0.00984302
-0.00922834
-0.00957492
-0.00942813
-0.0107339
-0.0144037
-0.0179908
-0.0190183
-0.0186555
-0.0172314
-0.0130917
-0.00987156
-0.00998471
-0.01316
-0.0139429
-0.0119062
-0.00822426
-0.00364526
0.00011315
0.0012212
0.00230377
0.00394699
0.0043262
0.000872579
0.000212029
0.00208359
0.00823853
0.0147992
0.0168502
0.0192875
0.019526
0.0194985
0.0200714
0.0226565
0.0228787
0.0178654
0.00923242
0.00110194
-0.00254128
-0.00405097
-0.000292559
0.0032844
0.00555454
0.00375841
-0.000143731
-0.00670642
-0.0124088
-0.0137655
-0.011895
-0.0100387
-0.00759225
-0.00386137
-0.00014577
0.00138022
0.0023894
0.00263303
0.000603466
0.00113761
-0.000825688
-0.00352803
-0.00320693
0.000537207
0.00135372
0.00214577
0.00362997
0.00325382
0.00155556
0.00107645
0.00194597
0.00522732
0.00610296
0.00358512
-0.000518858
-0.00218756
-0.00366259
-0.00349134
-0.00235372
0.000816514
-0.000416922
-0.00322324
-0.00540979
-0.00859123
-0.0104924
-0.0128991
-0.0129551
-0.0113119
-0.00679918
-0.00327727
-0.00378186
-0.00706116
-0.00765443
-0.00350561
0.000131498
0.00189093
0.000595311
-0.00282977
-0.00732926
-0.00820489
-0.00778084
-0.0054261
0.000585117
0.00558002
0.00940469
0.00898879
0.00849745
0.00865545
0.00947095
0.0125301
0.0165321
0.0202885
0.0245545
0.0231284
0.0167258
0.00964322
0.00511825
0.00480938
0.00679001
0.0092579
0.0110642
0.0108634
0.00998879
0.00711927
0.0044159
0.00259123
-0.000155963
-0.0029949
-0.00501427
-0.00386442
-0.0039735
-0.00596942
-0.00590622
-0.00693578
-0.00849134
-0.00839551
-0.00841692
-0.00853721
-0.00993272
-0.0108277
-0.0093894
-0.00839042
-0.00966055
-0.0116932
-0.0131753
-0.0127564
-0.010945
-0.0106932
-0.0102538
-0.00754128
-0.0052314
-0.00609174
-0.00582365
-0.00411213
-0.00360958
-0.00517737
-0.00858919
-0.0103089
-0.0105963
-0.00658206
-0.000901121
0.00374312
0.00765749
0.00961978
0.00857594
0.00779409
0.00705403
0.00468298
0.0025423
0.00064526
0.000966361
0.00220795
0.00722834
0.0127676
0.0156728
0.0171448
0.0167482
0.0142926
0.0115066
0.0108165
0.0125861
0.0124047
0.0125352
0.0136687
0.0150408
0.0142691
0.0111529
0.0067686
0.00201529
0.000222222
0.00227523
0.00294088
0.00263099
0.00228033
0.000330275
-0.0018736
-0.00439653
-0.00621611
-0.0088634
-0.00980734
-0.010998
-0.0137982
-0.0142538
-0.0142946
-0.0146177
-0.0162742
-0.0151509
-0.0140367
-0.0144159
-0.014371
-0.0143588
-0.0135403
-0.0102701
-0.00778797
-0.00518145
-0.00692559
-0.00973904
-0.00978287
-0.00849847
-0.00502446
-0.00361366
-0.00462181
-0.00875127
-0.0100765
-0.00919674
-0.00548828
-0.00333028
-0.00159735
-5.19878e-05
0.00284302
0.005737
0.00666972
0.00563507
0.00359531
0.00208767
0.00343935
0.00595209
0.00961162
0.0121651
0.0131835
0.00981448
0.00854842
0.00878593
0.00811009
0.0066789
0.00844954
0.00885627
0.00733129
0.00337819
-0.000160041
-0.00405607
-0.00698267
-0.00650561
-0.00262283
-0.000293578
0.00131397
0.00178491
0.0033945
0.0038053
0.00365341
0.00368094
0.00369827
0.0036524
0.00371865
0.00363405
0.00370846
0.0029052
0.00103058
-0.000310907
0.000970438
0.00136697
-2.54842e-05
-0.00130887
-0.000970438
0.00030581
0.00309276
0.00359939
0.0022844
0.00101631
0.000955148
-0.000989806
-0.000363914
0.00186748
0.00397146
0.00469419
0.000719674
-0.00195617
-0.00374006
-0.00277676
0.000692151
0.00454944
0.00610601
0.00584913
0.00583588
0.00488175
0.000800204
-0.00404893
-0.00778389
-0.00706116
-0.00352803
-0.00152599
0.00258104
0.00645566
0.00633435
0.00346075
-0.00288481
-0.00882875
-0.0135719
-0.0167156
-0.0183089
-0.0203486
-0.0231957
-0.0222752
-0.019686
-0.0146942
-0.0103986
-0.00875535
-0.00866259
-0.00856677
-0.0069419
-0.00600917
-0.00641692
-0.00627421
-0.00624057
-0.00467584
-0.00246483
0.00171152
0.00705708
0.0107543
0.0146575
0.0169888
0.0175861
0.0186555
0.0180622
0.0170979
0.0178186
0.0204414
0.0226279
0.0238542
0.0279266
0.0306004
0.0315505
0.0277951
0.0240102
0.0202538
0.0159633
0.0101825
0.00424261
0.00269215
0.00309684
0.00298981
0.00301631
0.00303874
0.00297146
0.00266055
-0.000235474
-0.00361672
-0.00530581
-0.00659939
-0.00624669
-0.00474618
-0.00333028
-0.00164526
0.000346585
8.05301e-05
-0.00189806
-0.00360041
-0.00749134
-0.0104567
-0.00963303
-0.008579
-0.00719368
-0.00509888
-0.00408869
-0.0036055
-0.00448012
-0.00537003
-0.00724159
-0.00876045
-0.0070632
-0.00369623
0.000697248
0.00485219
0.00309276
-0.00275739
-0.00826707
-0.0132854
-0.016055
-0.0179551
-0.0149011
-0.0115973
-0.00946993
-0.00917839
-0.00970234
-0.0113619
-0.0117431
-0.01037
-0.00713863
-0.00188787
0.000502548
-0.000134557
-0.00274414
-0.00837207
-0.0118451
-0.0157645
-0.0187095
-0.0193323
-0.0188145
-0.0185097
-0.015001
-0.0132864
-0.0101233
-0.0084526
-0.0061366
-0.0046738
-0.00506014
-0.00494699
-0.005
-0.00499083
-0.00498165
-0.00502548
-0.00490418
-0.00379205
-0.00087156
-1.83486e-05
0.00142712
0.00540673
0.00866972
0.0109806
0.0140285
0.0156544
0.0175403
0.0185841
0.0184169
0.0182304
0.016423
0.01379
0.0135617
0.0136014
0.0136371
0.0135719
0.013634
0.0134832
0.012737
0.0100204
0.00848318
0.0083476
0.00682773
0.0062263
0.00797554
0.010263
0.0134373
0.0158991
0.0183109
0.0170122
0.0127819
0.00725484
0.00313558
-0.000769623
-0.00219368
-0.0059684
-0.0081264
-0.0105841
-0.0108552
-0.0129704
-0.0157513
-0.0144027
-0.0116881
-0.00820591
-0.00474414
-0.00226606
-0.00100102
-0.00133843
-0.00122834
-0.00143527
-0.00128848
-0.00143629
-0.00120795
0.000204893
0.00346381
0.00325382
0.0026208
-0.000663609
-0.00178084
-0.00143425
-0.0021264
-0.00206932
-0.00146279
-0.00180428
-0.001684
-0.00207849
-0.00464832
-0.00706218
-0.00640571
-0.0051947
-0.00179511
-0.00184811
-0.00182467
-0.00192355
-0.00194495
-0.00198675
-0.00197146
-0.00197554
-0.00200204
-0.00195821
-0.00144954
0.000508665
-0.00112946
-0.00184709
0.00192049
0.0027156
0.00243731
0.000779817
-0.000490316
-0.0013262
-2.03874e-05
0.000629969
0.00201223
-0.000176351
-0.00267584
-0.00220693
-0.00244139
-0.00229562
-0.00207951
-9.17431e-05
0.00150255
-0.00106422
-0.00261366
-0.00218756
0.000118247
0.000826707
-0.0028002
-0.00234149
-0.00264424
-0.00233945
-0.00217431
0.0010632
0.00336493
0.00571967
0.00613048
0.00203874
-0.00235678
-0.00500714
-0.00619572
-0.00194393
0.00162181
0.00520897
0.00491947
0.000535168
-0.00243527
-0.0030632
-0.00310703
-0.00604281
-0.00803772
-0.00761876
-0.00779715
-0.00767074
-0.00766972
-0.00589501
-0.00273394
-0.00280428
-0.00209072
0.00113761
0.00514985
0.00748012
0.0105759
0.0115973
0.0111315
0.00891233
0.00597859
0.0039735
0.00140673
0.00408053
0.00680938
0.00636188
0.00571764
0.000904179
-0.0047472
-0.00814781
-0.00771662
-0.00797859
-0.00760143
-0.00667278
-0.00346687
-0.00709378
-0.00799694
-0.00717023
-0.00379511
-0.00273293
-0.00308155
-0.00298777
-0.00434149
-0.00773904
-0.00748828
-0.00750866
-0.00718451
-0.00533129
-0.00214067
-0.0023262
-0.00219062
-0.00222018
-0.00129052
0.00240469
0.00620999
0.00789297
0.00737615
0.0073894
0.00453619
0.00282161
0.00360143
0.0063476
0.00842915
0.0079735
0.00828542
0.00824669
0.00840979
0.00872987
0.0116881
0.0124302
0.00844648
0.00824567
0.00492151
0.00397146
0.00427931
0.00372681
0.000823649
-0.000509684
2.65036e-05
-4.58716e-05
-6.9317e-05
-0.0023262
-0.00513965
-0.00435066
-0.00468603
-0.00413252
-0.00414985
-0.00101223
0.00180224
0.00481957
0.00597146
0.00561162
0.00580938
0.00415291
0.00108563
0.00135984
0.00138532
0.00150255
0.0015423
0.00169827
0.00103466
-0.0013476
-0.00302752
-0.000591233
0.00226096
0.00215189
0.00227217
0.00233129
0.00247401
0.00244343
0.00259429
0.00259429
0.00282671
0.00290316
0.0038002
0.00353721
0.00566259
0.00796126
0.00795413
0.00806116
0.00813252
0.00760856
0.00519368
0.00304587
0.00166463
0.00160958
0.00353109
0.00262589
0.00142304
0.0018736
0.00207034
0.00343935
0.00178695
-0.00056371
0.00113252
0.00260143
0.00424567
0.00507136
0.00620082
0.00563201
0.00465443
0.00343527
0.00116412
-0.00104893
-0.00197859
-0.00161978
-0.00196024
-0.00341081
-0.004737
-0.00607543
-0.00533537
-0.00228848
-0.00124057
-0.0024526
-0.00534353
-0.00625994
-0.00832008
-0.0104332
-0.0101702
-0.0101519
-0.0103731
-0.0121203
-0.0124393
-0.0121417
-0.0119225
-0.0102304
-0.0076371
-0.00475433
-0.00460449
-0.00458818
-0.00446075
-0.00454638
-0.00565749
-0.00593374
-0.00441081
-0.00636595
-0.00637819
-0.00693476
-0.00873904
-0.0101101
-0.00793986
-0.00414271
-0.00337411
-0.00356269
-0.00348114
-0.00482569
-0.00825484
-0.010581
-0.0101284
-0.00920387
-0.00605607
-0.00326504
-0.00112436
-0.0022946
-0.00289806
-0.00356779
-0.00497452
-0.00360143
-0.00165953
0.00046789
0.00257187
0.00498267
0.00507034
0.005158
0.00584913
0.00763609
0.00638226
0.0050581
0.00545362
0.00534149
0.00550051
0.00452905
0.0047054
0.00697655
0.00888991
0.00858818
0.00922018
0.0110234
0.0106636
0.0109215
0.0108848
0.0109745
0.0109959
0.0102732
0.00758716
0.00609888
0.00638634
0.00637309
0.00649134
0.00648828
0.00661366
0.00643833
0.00466972
0.00219878
0.00195311
0.00214271
0.000813456
-0.00064526
-0.00205403
-0.00459123
-0.00739857
-0.00710092
-0.00692049
-0.0048002
-0.0021264
-0.000396534
0.000460754
0.000291539
0.00033945
-0.00066157
-0.0020367
-0.00178389
-0.00306422
-0.00565036
-0.00566361
-0.00444343
-0.00785117
-0.00992762
-0.0117645
-0.0147176
-0.0147604
-0.0128002
-0.0119123
-0.00706218
-0.00369725
-0.00102345
0.00119572
0.000524975
-0.00266157
-0.00558308
-0.00456983
-0.0011682
0.0025474
0.00536901
0.00681855
0.00656881
0.006737
0.00669113
0.006842
0.00679205
0.00688481
0.00652905
0.00494495
0.00546789
0.0073792
0.00707441
0.00693782
0.0050948
0.00406932
0.00252396
0.00259429
0.00256779
0.00166565
0.000251784
0.000373089
-0.00151682
-0.00283792
-0.00619062
-0.00918858
-0.0113792
-0.0128838
-0.0133782
-0.0115851
-0.0102864
-0.00733537
-0.00476147
-0.00366463
-0.00351988
-0.00355046
-0.00350765
-0.00309786
-0.00196636
-0.0016106
-0.00253823
-0.00363201
-0.00509888
-0.00465545
-0.00483078
-0.00289806
-0.00177778
-0.00128746
-0.000253823
-0.00294699
-0.00517635
-0.00442406
-0.00264118
-0.00260245
-0.00250153
-0.00223853
-0.000347604
0.000170234
-0.000202854
-0.00185219
-0.00159225
0.000634047
0.0025158
0.00317329
0.00461264
0.00556371
0.00684811
0.00794088
0.00692966
0.00398879
0.00327829
0.00538838
0.00566667
0.00568196
0.00575637
0.00586748
0.00594495
0.00697248
0.0106707
0.0131957
0.0128787
0.0128389
0.0136738
0.0135423
0.0137115
0.0136758
0.0138155
0.0137554
0.0124312
0.00975841
0.00814373
0.00685627
0.00722732
0.00768705
0.00961978
0.00872477
0.00675841
0.00452294
0.00220999
-0.00175127
-0.00717941
-0.00941284
-0.0122365
-0.0134353
-0.0148746
-0.0118818
-0.0090367
-0.00619266
-0.00488787
-0.00301937
-0.00107034
-0.000611621
0.000238532
0.00061264
-0.000891947
0.000279307
0.00172477
0.004
0.00479511
0.00776962
0.00974414
0.00935168
0.00955046
0.00960245
0.00966769
0.00859531
0.00550459
0.0049684
0.00528033
0.00287666
9.98981e-05
-0.00189806
-0.00507034
-0.00747197
-0.0091366
-0.00961876
-0.012369
-0.00994801
-0.00782773
-0.00816106
-0.0080581
-0.00873089
-0.0112508
-0.0126575
-0.0123629
-0.0122905
-0.0118736
-0.00884098
-0.00683282
-0.00739348
-0.0070051
-0.00712742
-0.00686442
-0.00698471
-0.00725076
-0.00847299
-0.00729562
-0.00649847
-0.00634149
-0.00609786
-0.00344343
-0.000937819
-0.00151988
-0.00105097
-0.00128135
-0.00104995
-0.00233435
-0.00146993
-0.000587156
-0.00159021
-0.00276351
-0.00152701
-0.00136697
-0.00495413
-0.00508767
-0.00695413
-0.00971458
-0.00878084
-0.0053629
-0.00146177
0.000692151
0.00029052
-0.000244648
-0.00351172
-0.00419674
-0.00383588
-0.00366157
-0.00114883
0.00160245
0.00258614
0.00620897
0.00624975
0.006421
0.00638124
0.00656575
0.00592762
0.00294903
0.00155657
0.00223038
0.00203262
0.00233231
0.00229256
0.00238124
0.0014475
-0.000605505
-0.00188481
-0.00181957
0.0011998
0.00372987
0.00512334
0.00585423
0.00626096
0.00635168
0.00569623
0.0072314
0.00863609
0.00869215
0.0098104
0.0110245
0.00929562
0.0080683
0.00633843
0.00456779
0.0041213
0.00533435
0.00672171
0.00693782
0.00686035
0.00684506
0.00540469
0.00445362
0.00491335
0.00483384
0.00455148
0.00286544
0.00273089
0.00295311
0.0037105
0.0054577
0.0067737
0.0089103
0.01
0.00757085
0.00458308
0.00216208
9.17431e-05
-0.00219674
-0.00352192
-0.00182263
-0.000846075
-0.00095209
-9.88787e-05
-0.000765545
-0.000798165
-0.000741081
-0.00182365
-0.00307951
-0.00309888
-0.00508563
-0.00687768
-0.00761774
-0.0063629
-0.00316616
-0.00197757
-0.00239653
-0.00207645
-0.0020581
-0.000461774
0.00046789
0.00029052
0.000452599
0.000940877
0.00278186
0.00225892
0.00051682
0.00069317
-0.00083792
-0.00164832
-0.00282569
-0.00376758
-0.00208869
-0.00115596
-0.00182263
-0.000794088
-0.000859327
-0.000880734
-0.00222018
-0.00222426
-0.000944954
-0.00377166
-0.00545158
-0.00525892
-0.00492253
-0.00309684
-0.00264322
-0.00275433
-0.00266972
-0.00292864
-0.0045474
-0.00513354
-0.00392762
-0.002421
-0.00315596
-0.00484811
-0.00539551
-0.0069317
-0.00697248
-0.00539246
-0.00306626
-0.00451784
-0.0069001
-0.00677166
-0.00680428
-0.0066473
-0.00562181
-0.00354536
-0.00272987
-0.00181651
-0.0018318
-0.00276045
-0.00391131
-0.00335372
-0.0041631
-0.0026524
-0.00143017
-0.00275331
-0.00336595
-0.000571865
0.00102345
-0.000539246
-0.0014893
-0.00114883
0.00032314
0.00139551
0.00109582
0.000440367
-0.00166157
-0.0032946
-0.00447197
-0.00528746
-0.00282671
0.000937819
0.00120387
-0.000698267
-0.00103568
-0.00123242
-0.00353109
-0.0034791
-0.00038736
0.000973496
-0.000248726
0.00148522
0.00175229
-9.37819e-05
-0.00202854
-0.00405607
-0.0069633
-0.00697452
-0.00376351
-0.00461162
-0.00723751
-0.00566157
-0.00462181
-0.00458818
-0.00305097
-0.00219878
-0.0020265
0.00107747
0.00284811
0.00136799
8.56269e-05
0.000362895
0.000512742
0.00215596
0.00324261
0.00391437
0.00500815
0.00461468
0.00304995
0.0030897
0.00329358
0.00450765
0.00741794
0.00817635
0.00807543
0.00819776
0.00952905
0.0108583
0.0106198
0.0107676
0.0107706
0.0108389
0.0108991
0.0113496
0.0130398
0.0134292
0.0131998
0.0122987
0.00941692
0.00867278
0.00881142
0.00880326
0.0073262
0.0073262